100
86 2667
343 31 455 208 8 442 409 175 281 465 47 288 33 412 194 130 307 14 347 45 104 248 425 434 309 171 45 30 158 109 373 416 56 423 192 249 168 68 14 117 420 206 48 209 159 414 7 85 495 382 207 220 415 142 329 136 100 256 440 421 215 138 484 189 468 52 61 20 228 461 310 131 242 451 142 112 492 95 116 256 46 284 428 400 429 59
60 1092
70 38 324 16 211 411 393 325 308 420 477 184 252 68 448 417 67 292 291 396 270 136 305 55 462 3 335 489 168 421 287 13 320 129 183 460 72 140 111 364 381 20 447 157 385 52 209 176 6 106 327 269 349 48 194 390 348 139 311 254
96 322
150 104 156 453 214 388 388 174 471 392 79 488 198 217 153 415 396 255 207 365 317 118 363 178 290 489 326 227 274 148 339 65 263 34 278 335 40 277 489 420 380 185 348 168 258 460 411 432 171 250 449 238 231 499 257 450 64 15 231 144 7 500 257 74 452 78 213 246 299 348 264 142 230 124 493 44 15 383 40 155 449 223 236 5 325 249 151 467 306 236 166 385 267 105 210 388
16 5849
264 83 62 431 497 32 178 113 469 201 414 359 2 130 58 227
29 5369
305 471 385 50 270 176 335 314 297 240 37 402 406 358 446 273 445 12 3 296 175 440 178 3 220 415 334 235 237
24 6990
477 405 228 147 371 323 174 83 29 30 207 118 408 279 295 211 209 395 254 396 384 19 442 285
98 2771
355 57 197 248 352 450 21 45 406 299 216 427 292 121 329 296 327 192 443 83 250 63 159 386 437 243 162 487 173 308 240 275 80 118 82 237 182 471 297 233 239 101 335 48 14 381 490 51 31 273 205 180 439 343 476 440 417 6 228 244 330 353 496 417 378 387 246 262 66 401 415 342 123 344 13 334 125 301 39 304 251 10 260 394 440 278 226 161 215 329 431 297 289 267 45 127 242 233
37 5722
443 183 463 407 326 216 297 45 193 483 69 480 270 95 159 61 147 442 307 237 93 284 269 366 85 171 25 362 218 24 8 210 256 99 188 389 23
68 5507
55 181 94 317 39 259 410 144 28 248 153 209 315 407 359 358 274 49 454 217 234 299 467 375 485 459 460 453 110 59 407 500 290 153 41 101 416 117 259 359 369 104 447 224 477 255 485 91 76 324 471 321 242 241 61 292 474 409 329 498 113 242 19 13 154 382 393 160
67 3673
299 15 441 108 139 208 220 8 492 495 394 219 432 234 346 315 14 37 483 274 382 495 274 492 134 124 281 306 205 348 394 358 456 215 398 99 146 29 38 402 221 77 329 16 423 73 130 195 321 133 178 367 285 172 119 163 160 199 211 57 482 120 284 359 98 379 246
33 7006
2 4 331 409 464 268 166 362 25 60 247 323 447 301 290 128 425 404 338 61 483 21 170 125 431 55 324 221 311 179 198 217 157
87 8387
293 143 164 434 154 482 22 346 48 131 369 273 389 351 393 174 217 235 474 239 222 492 277 109 373 334 64 228 52 121 414 81 489 277 380 170 417 159 345 370 201 395 293 112 188 161 74 310 464 417 85 465 320 413 235 265 448 139 496 469 9 189 106 47 173 227 353 224 130 36 234 45 151 172 105 129 466 12 179 378 116 484 77 170 425 438 490
78 2249
42 29 355 451 208 286 367 181 144 341 398 303 56 53 30 469 390 462 349 186 182 103 302 409 480 30 229 142 264 363 72 172 388 181 63 395 17 379 440 147 302 361 305 219 36 340 102 314 343 170 68 166 288 350 187 91 448 295 451 214 113 478 370 391 46 63 112 98 176 470 132 412 438 367 389 347 121 19
2 8193
245 69
88 1947
242 24 230 111 354 376 196 28 40 452 67 376 59 325 482 211 243 496 391 74 497 309 308 54 162 23 430 364 492 219 23 134 220 435 205 170 486 378 332 217 374 218 36 294 57 120 159 209 162 122 489 130 195 57 404 271 350 162 125 95 473 136 1 321 425 219 129 165 315 284 246 382 54 382 244 320 61 381 170 82 92 418 126 101 175 221 250 162
43 2649
408 440 272 63 361 351 137 276 380 106 414 24 359 500 278 5 302 354 487 213 146 276 258 308 222 278 402 56 96 32 489 261 275 301 293 172 417 256 113 160 332 433 471
54 8411
152 444 99 140 318 110 169 222 96 133 77 181 411 74 340 302 465 401 442 493 392 128 192 22 403 448 383 482 117 148 389 94 453 247 183 329 4 9 162 489 440 137 304 436 214 84 149 406 244 107 289 249 300 205
13 9636
404 20 452 172 25 486 367 201 47 64 398 467 31
91 6862
71 500 368 34 62 161 72 304 164 244 70 372 363 57 452 70 374 444 119 488 169 302 155 485 345 103 206 245 219 351 273 34 456 177 434 348 313 240 375 423 170 1 375 102 286 306 192 55 387 147 231 415 135 70 231 129 65 339 244 204 127 40 419 496 27 453 432 196 497 96 131 291 62 203 245 114 114 456 378 76 78 454 481 348 139 109 398 367 234 209 82
68 1027
36 185 54 423 156 1 340 199 325 326 373 49 311 308 150 21 339 292 380 205 403 281 231 56 186 69 279 452 155 363 7 430 41 170 265 99 480 120 478 93 283 460 72 492 361 141 277 160 232 409 423 214 435 344 388 106 74 135 169 407 421 318 93 126 235 298 52 317
11 14
485 480 389 451 68 427 66 111 140 493 495
68 7165
242 291 368 14 142 278 146 139 108 364 288 487 9 65 89 259 234 276 134 191 326 170 48 159 223 359 85 233 17 293 475 294 73 430 93 255 398 291 43 301 431 166 81 427 317 277 43 365 287 471 101 149 216 220 129 130 361 278 36 331 135 433 153 223 77 285 93 395
13 9018
185 365 34 118 156 114 26 348 284 160 264 478 433
87 9206
392 350 147 354 48 456 182 97 362 222 33 266 490 8 320 431 494 493 465 90 337 145 232 434 79 275 1 232 202 143 162 447 361 5 417 115 281 362 348 155 330 378 466 212 189 199 119 27 383 192 112 336 3 82 164 133 469 419 15 390 210 23 116 341 463 229 337 476 490 291 461 109 70 81 247 137 60 500 434 141 315 287 133 289 307 59 70
50 9266
15 349 240 412 40 195 431 294 461 486 105 69 364 153 90 10 287 120 410 120 172 331 496 304 473 406 311 275 473 350 346 247 155 236 108 212 58 466 198 38 375 84 242 386 306 224 117 165 453 288
92 8089
165 260 391 444 212 464 132 431 474 467 88 259 307 8 486 455 251 464 282 367 238 436 396 61 92 86 405 465 342 328 287 227 428 284 364 140 433 404 217 180 382 36 215 358 396 168 180 111 23 172 491 373 463 156 55 495 432 276 443 165 82 302 34 322 198 176 324 414 184 305 115 278 498 118 262 144 399 500 241 99 340 220 155 166 289 308 86 50 23 364 349 256
11 2094
234 282 374 118 327 204 454 265 214 228 258
47 78
327 174 399 298 306 191 72 212 174 138 225 135 87 18 263 186 343 111 217 127 58 307 444 55 27 380 361 209 355 63 97 138 20 137 243 134 313 457 113 346 127 125 293 487 106 322 414
75 293
159 173 179 299 125 440 172 335 8 417 22 211 259 38 391 99 167 419 187 350 240 337 492 481 130 395 19 156 187 98 404 15 73 175 77 15 276 71 30 381 40 283 36 426 153 205 56 469 204 85 132 323 461 233 312 68 1 414 487 446 315 170 356 68 243 106 242 436 27 353 181 349 68 220 485
49 6429
75 304 390 110 314 66 188 323 334 281 499 218 378 324 379 115 408 412 270 425 297 404 164 296 332 142 426 80 205 4 3 129 104 427 374 470 142 444 426 198 249 355 320 95 461 367 37 99 207
31 3087
422 454 177 243 83 92 279 394 100 422 431 92 226 235 328 363 4 184 403 214 412 374 390 6 132 4 143 398 1 107 286
50 9275
491 255 124 492 47 412 142 308 91 57 403 238 20 235 281 68 271 61 295 429 8 335 151 9 244 326 469 485 103 397 203 49 334 404 70 399 413 402 221 53 95 246 146 359 22 340 142 353 322 191
67 2408
420 351 139 487 34 239 245 147 405 132 441 436 146 201 146 238 217 254 71 48 192 312 153 418 406 316 437 387 348 241 46 98 354 262 265 150 26 116 73 419 156 412 371 246 458 380 115 32 294 284 190 167 205 34 108 261 1 269 487 419 50 466 257 395 34 58 433
20 7754
132 225 166 273 41 445 74 38 39 472 447 376 239 477 411 442 328 310 419 250
49 5782
56 123 474 15 232 3 484 26 348 303 129 290 49 454 379 60 347 372 309 435 314 103 317 159 39 419 483 188 448 260 375 350 44 114 51 287 176 176 465 361 370 220 46 112 183 295 375 495 470
27 9903
439 457 99 67 38 82 384 118 341 98 433 229 415 254 6 84 494 273 360 223 428 421 467 486 214 474 72
61 2524
161 467 207 483 132 64 479 16 369 202 268 210 365 432 81 51 61 368 311 107 124 278 178 492 283 45 16 330 149 356 428 156 467 367 63 244 140 214 482 215 229 476 246 287 83 439 437 280 262 256 205 147 274 415 278 474 4 18 366 233 320
23 7213
435 410 4 209 146 416 471 34 243 464 170 92 299 353 191 21 11 49 421 490 54 51 329
42 9190
191 43 453 182 406 335 63 92 142 266 477 299 264 72 465 126 21 500 301 228 92 133 430 471 156 261 482 48 238 35 80 415 129 484 202 7 499 460 379 389 292 324
76 8373
27 239 484 185 405 436 80 319 334 81 1 441 144 322 241 138 66 170 405 428 312 165 371 316 363 32 201 307 489 87 427 255 300 323 91 391 420 300 36 236 44 176 208 484 302 145 240 280 434 283 34 3 277 398 382 422 167 51 121 159 468 348 487 376 410 45 4 226 286 214 125 458 481 194 222 443
67 706
496 422 164 247 249 429 237 375 66 456 92 389 232 498 429 64 341 238 154 19 316 498 208 162 149 295 267 492 73 89 360 237 119 91 129 10 261 267 104 210 315 371 329 223 223 348 250 67 3 284 490 313 166 113 404 49 2 260 103 337 63 439 45 302 22 66 161
69 9952
220 133 438 45 138 233 303 433 188 171 353 428 227 216 117 487 74 237 404 494 411 198 143 385 108 139 184 360 386 414 396 74 217 471 175 190 45 257 123 313 170 180 261 452 353 239 447 142 127 364 207 241 98 130 87 350 22 472 460 94 391 276 257 204 330 53 379 326 182
95 7006
148 395 192 186 84 56 56 228 433 466 274 58 359 499 319 80 356 334 222 305 439 211 36 61 374 73 419 90 271 123 435 395 401 327 362 320 436 212 74 425 356 25 132 262 142 307 352 130 221 184 243 114 332 38 134 474 181 469 265 306 13 462 34 105 187 444 316 211 312 197 472 278 10 195 158 347 416 342 202 94 266 230 172 350 415 461 417 172 275 203 47 216 447 199 477
83 5958
317 409 292 411 364 466 119 487 97 225 461 373 324 449 44 200 500 255 77 121 139 145 296 386 11 436 180 244 257 103 62 177 94 209 286 315 114 20 123 11 52 255 414 91 291 364 387 323 450 117 346 409 19 7 481 346 243 243 110 407 441 165 270 181 500 444 158 7 283 254 312 32 434 481 362 257 35 443 474 80 476 445 81
51 1461
164 305 39 38 378 409 379 236 495 70 260 117 316 133 244 24 335 187 425 241 236 302 273 445 212 199 317 157 400 316 103 262 253 218 480 374 142 410 81 122 484 96 36 257 55 453 180 314 140 415 123
22 8573
428 208 62 350 177 289 292 58 116 183 283 205 71 474 135 175 233 456 158 223 248 380
59 4838
174 113 123 172 325 168 336 419 293 156 222 328 2 361 295 333 328 219 368 56 349 311 418 148 310 455 81 118 376 40 142 91 193 399 494 386 385 115 59 155 334 248 415 37 244 354 344 76 106 63 282 310 77 375 141 10 275 37 94
19 5211
314 436 372 356 119 129 269 2 88 261 463 344 475 221 103 467 434 316 248
92 680
306 243 462 497 490 294 126 66 12 415 59 1 43 234 188 469 290 475 257 360 425 78 68 455 252 342 95 9 10 369 362 163 230 74 49 264 260 26 147 352 456 188 447 81 359 362 138 9 2 76 33 311 462 153 357 345 285 299 488 113 379 431 177 118 399 125 465 257 13 245 392 22 136 265 386 265 398 182 443 425 11 189 251 181 381 444 418 161 52 301 181 256
8 7748
340 161 201 420 182 328 305 106
18 1391
483 304 425 10 350 250 166 83 83 484 239 93 162 126 61 307 305 451
71 987
444 70 138 37 444 107 383 101 431 334 291 493 47 214 476 54 105 141 456 261 244 158 107 249 49 87 394 229 13 483 387 191 463 203 9 443 149 27 29 427 106 196 443 181 3 201 469 81 303 105 190 196 420 119 119 284 162 385 487 59 282 70 338 402 107 299 255 377 237 158 203
88 5025
296 63 374 393 439 312 415 48 203 61 216 202 317 76 439 262 95 123 336 158 446 431 262 458 495 279 366 371 305 407 247 126 420 359 78 148 449 340 140 244 95 432 456 86 209 80 80 381 370 436 220 2 457 298 40 121 44 23 243 166 498 328 494 200 441 415 154 371 357 332 343 408 358 466 381 237 293 144 317 397 16 325 352 486 431 64 439 41
96 1291
339 74 468 463 181 423 78 31 262 291 350 453 22 415 441 407 140 58 74 304 340 251 30 434 56 258 282 137 90 100 356 59 13 19 150 434 190 121 170 246 345 139 397 217 474 387 16 423 68 28 477 351 4 292 440 19 191 146 56 103 359 441 343 453 217 246 255 269 7 328 143 60 312 86 338 320 457 96 317 362 28 144 74 320 342 375 255 79 455 84 463 170 155 212 185 71
81 8415
480 325 2 141 218 296 313 19 181 182 342 494 26 292 42 488 145 4 495 384 360 331 465 10 475 426 34 340 246 492 420 390 208 287 146 253 489 189 175 223 110 125 270 169 11 435 237 410 347 380 351 476 368 381 268 254 416 73 304 192 385 475 63 147 98 220 411 452 424 493 111 288 16 403 448 465 312 398 402 472 134
6 6731
393 102 184 205 176 91
75 1002
403 136 296 408 178 357 281 110 305 82 353 172 296 5 182 157 461 392 13 488 318 462 36 271 497 453 298 380 140 156 64 46 105 187 401 131 441 117 465 334 214 347 163 356 219 480 71 219 281 146 294 402 457 103 21 100 399 143 150 179 260 325 59 246 381 235 205 333 65 183 26 80 42 378 177
31 7458
225 127 195 455 51 390 139 108 280 19 483 239 370 413 221 59 319 419 318 20 190 26 259 386 188 251 158 58 410 56 295
41 5394
253 54 445 286 351 389 73 389 360 209 172 110 307 41 270 347 253 4 118 345 258 488 16 60 413 250 11 25 152 77 40 18 421 102 104 163 427 352 186 283 141
50 3678
159 335 338 339 184 237 149 432 5 307 99 399 349 457 262 410 350 181 62 41 34 146 358 100 308 406 320 100 106 453 242 116 448 465 444 89 147 491 376 406 328 151 314 25 395 8 136 354 409 157
55 5101
305 423 120 126 65 106 128 108 432 296 8 198 1 41 124 365 120 131 470 36 427 47 357 282 313 360 200 72 204 244 230 5 391 187 459 372 259 273 253 467 76 214 355 334 448 478 497 163 411 469 191 416 420 5 76
16 8855
135 361 58 87 30 421 447 395 44 281 45 206 391 397 29 165
28 4008
289 462 389 220 414 92 274 455 49 353 475 407 20 197 90 227 368 310 376 339 28 104 197 276 33 111 143 209
8 3624
129 286 135 249 151 22 414 498
57 2573
94 226 238 496 266 203 222 180 462 398 3 136 23 238 308 123 67 236 269 278 239 29 140 483 412 425 341 158 351 480 462 447 175 362 99 106 359 91 264 444 212 224 411 229 285 390 345 274 359 354 177 200 60 146 367 97 243
100 7084
236 444 454 255 151 346 85 281 113 371 40 39 253 281 354 429 478 186 267 461 4 183 161 353 411 88 221 176 293 327 313 422 159 257 291 270 102 288 406 130 127 368 312 337 36 84 380 479 386 160 223 151 447 205 5 53 17 159 349 88 370 252 193 274 459 222 252 39 252 181 130 273 249 220 355 277 231 221 87 254 496 103 146 47 231 340 141 174 8 23 160 230 373 20 90 125 385 494 324 478
5 8768
494 399 100 430 464
77 5265
232 379 313 419 274 222 218 421 406 227 118 424 322 393 73 8 43 77 59 263 202 483 391 387 1 154 238 213 337 83 275 88 261 185 262 185 100 342 410 380 3 423 25 133 350 340 265 487 315 133 68 205 300 87 142 142 442 16 469 396 371 498 274 315 130 306 5 376 280 280 391 346 93 427 333 331 163
12 1479
5 372 426 462 226 190 89 295 83 459 292 248
47 8156
389 376 64 368 148 299 500 303 23 297 285 184 181 341 9 12 481 384 136 78 347 177 446 197 146 88 242 192 361 180 45 244 400 96 360 140 220 13 372 276 484 157 180 121 379 266 146
95 7969
429 303 216 342 462 335 52 358 394 431 193 106 139 224 277 84 296 36 483 93 39 68 364 58 81 7 389 427 171 452 292 246 83 351 492 420 134 213 447 321 447 194 271 385 476 87 130 322 164 214 301 237 223 194 9 38 106 254 55 407 494 210 362 237 385 443 487 377 474 376 50 142 175 443 426 12 42 70 474 383 66 299 390 457 20 21 171 493 354 264 440 81 328 196 81
92 1642
47 30 451 245 459 426 140 96 6 244 453 57 344 183 351 347 399 321 186 90 86 181 6 115 445 460 266 124 404 335 186 431 164 185 53 28 57 363 128 79 373 288 272 53 11 73 422 410 307 485 323 137 64 471 391 349 74 424 321 40 57 140 68 334 485 303 491 150 202 10 37 22 373 474 403 301 122 130 420 415 381 201 184 44 109 347 434 458 33 35 129 199
12 1995
239 304 468 4 456 314 119 287 210 199 303 55
41 9676
176 303 71 354 211 411 497 71 264 23 60 21 340 484 460 498 223 269 492 85 500 379 474 47 297 291 208 302 81 117 328 123 178 450 398 151 113 346 175 10 314
23 6480
404 308 418 194 420 156 13 121 79 168 44 211 146 126 90 9 403 405 383 303 284 408 377
11 4525
156 89 316 269 88 81 25 153 190 113 328
16 9337
236 205 192 166 100 299 348 273 388 188 224 110 316 370 39 437
68 4475
218 257 284 186 109 475 129 70 441 274 362 171 59 187 473 400 335 87 286 349 31 53 354 108 125 15 330 222 488 225 460 39 223 144 484 359 204 405 193 152 85 419 485 480 209 66 339 333 355 410 18 296 18 279 18 382 266 4 338 235 162 242 346 450 370 344 461 438
87 8621
29 429 458 20 177 323 28 21 467 108 201 310 178 166 376 42 250 250 155 172 198 103 316 24 346 201 112 325 80 239 340 489 35 272 111 235 219 439 434 137 431 160 86 404 316 121 144 352 262 178 248 215 423 384 319 450 364 468 364 379 186 136 307 320 317 384 378 182 491 350 413 483 294 291 25 154 364 222 9 15 21 339 390 262 2 209 342
40 5082
461 423 5 457 212 220 18 63 79 52 203 357 129 254 417 205 342 167 494 151 445 115 282 248 394 401 151 260 176 147 210 414 354 378 395 432 422 229 360 478
32 7274
136 47 267 460 117 133 254 169 108 330 382 330 149 57 415 250 97 318 390 261 417 212 458 175 315 236 154 159 90 476 190 438
89 8571
307 257 335 495 52 245 80 64 169 4 309 400 454 173 425 144 157 359 310 270 271 409 412 500 358 42 63 46 94 30 29 376 426 413 392 328 81 148 201 122 339 285 256 329 287 340 382 310 62 404 255 170 217 155 22 446 218 18 59 464 125 104 396 338 15 191 214 333 472 212 325 441 146 357 233 104 168 183 98 357 88 457 408 177 296 357 139 497 187
93 828
65 442 58 188 248 181 389 413 341 355 378 19 376 102 487 49 367 239 254 239 115 391 99 492 73 226 320 296 352 333 340 149 460 156 274 33 443 303 285 93 119 151 499 418 349 191 256 235 411 137 141 432 2 423 270 165 280 140 99 315 251 209 106 60 123 473 32 302 350 234 24 189 259 429 71 192 319 459 291 159 198 256 143 244 366 191 217 261 1 43 207 297 381
100 9934
468 432 116 304 116 71 412 115 236 66 256 402 111 135 80 369 174 247 253 96 322 22 464 262 479 313 461 72 160 13 100 472 382 474 34 481 220 328 420 378 40 350 409 61 205 444 15 27 451 26 304 492 277 250 384 252 464 144 31 126 72 11 168 198 117 445 175 306 108 236 414 394 374 344 220 5 463 443 29 15 486 202 135 42 296 139 356 410 434 228 425 89 455 102 186 87 102 302 140 495
89 2056
376 384 30 227 274 108 373 282 268 499 191 261 469 121 27 79 171 495 192 287 188 167 243 195 122 295 185 193 268 16 34 480 232 86 327 84 329 341 371 449 435 104 108 448 99 434 500 243 104 150 45 75 364 286 82 2 449 490 312 311 26 146 454 447 225 109 27 456 11 257 128 171 266 85 325 44 237 331 265 87 132 437 346 32 394 345 10 118 250
46 9504
239 72 95 468 49 176 370 124 318 175 140 496 387 22 467 136 458 17 83 20 300 401 110 303 373 213 161 1 203 47 223 147 337 488 232 109 417 418 302 183 89 314 258 61 457 372
43 5044
97 293 328 280 248 403 435 17 407 188 189 107 49 277 38 351 101 299 85 95 198 409 403 228 401 107 400 291 256 108 202 484 419 377 172 482 59 486 310 189 498 307 175
100 1153
162 363 50 393 395 30 163 429 366 95 371 55 228 446 368 346 173 486 167 199 342 188 273 17 63 155 278 256 313 184 480 73 355 363 489 358 298 83 423 219 362 257 4 399 485 86 252 249 63 186 349 335 358 213 259 267 242 202 25 182 152 361 320 121 436 67 416 436 313 385 123 7 1 363 9 383 333 428 474 71 340 188 146 264 300 124 469 124 210 130 175 136 204 134 195 312 421 61 457 354
22 4434
467 421 372 294 346 395 268 440 254 9 126 411 473 204 104 258 93 21 54 196 323 115
45 6354
464 433 326 50 313 21 263 150 246 192 394 56 105 473 437 385 160 331 308 350 265 483 260 386 463 197 279 39 39 371 260 271 40 12 335 398 460 24 22 454 156 169 330 381 53
17 1859
204 455 352 284 218 157 16 415 302 230 457 446 49 345 106 390 311
6 6294
74 10 327 213 295 347
52 5535
138 65 361 162 214 388 367 85 466 4 346 109 437 85 214 463 160 204 70 402 79 411 396 123 194 31 142 7 499 161 433 74 326 195 351 49 449 47 270 468 278 492 426 246 168 452 435 488 309 200 39 355
29 2909
18 98 331 90 274 210 246 381 187 75 256 255 14 131 302 348 135 406 458 177 192 127 24 52 44 252 36 225 263
31 1029
172 163 64 486 86 116 384 299 61 142 156 154 489 2 280 313 169 484 330 162 402 421 364 496 55 249 302 190 482 238 452
88 2579
274 172 459 292 149 449 334 29 193 406 443 333 388 494 362 310 431 229 297 92 380 36 468 187 199 237 130 53 242 176 143 389 130 231 484 57 252 241 51 320 141 382 193 83 288 492 389 245 126 98 112 151 409 478 375 355 72 164 261 276 415 452 153 154 46 467 491 194 486 78 297 1 336 114 98 430 191 190 145 286 58 145 406 54 295 292 268 48
87 1357
437 302 203 470 70 393 229 461 6 368 337 106 11 435 262 268 292 61 343 479 476 5 186 401 129 336 320 325 112 47 176 376 205 407 28 220 202 270 100 9 396 147 375 120 110 219 240 422 482 8 383 400 391 335 104 300 326 83 349 372 194 452 333 299 238 40 336 277 135 440 459 201 474 113 352 243 7 96 195 214 15 358 98 226 310 372 478
66 1764
366 453 428 243 361 390 62 257 184 327 301 25 441 343 480 449 442 266 289 200 368 178 227 268 366 262 493 241 45 477 390 446 500 128 130 52 184 92 381 327 239 308 82 231 443 423 29 10 83 89 202 461 433 57 264 401 378 270 447 213 271 53 320 109 75 327
24 1332
308 379 470 227 453 242 315 453 209 227 114 399 113 233 323 349 162 31 443 83 73 6 372 76
74 6949
312 151 143 167 393 208 101 309 152 465 480 72 198 401 248 483 435 460 38 2 491 384 454 130 367 165 7 362 357 470 419 443 408 384 152 139 161 270 237 462 70 345 198 489 203 21 125 74 410 323 137 367 369 93 380 447 326 15 377 462 394 485 403 235 399 298 340 175 451 217 68 81 435 192

