15

40
3 (1) 11
23 (6) 8 9 15 35 36 38
16 (2) 21 36
18 (2) 37 39
4 (2) 10 12
37 (2) 11 18
32 (4) 13 26 28 29
29 (2) 31 32
25 (2) 22 34
13 (2) 14 32
33 (2) 17 27
2 (2) 21 35
12 (2) 4 28
6 (1) 28
38 (4) 5 20 23 26
1 (4) 5 8 21 27
15 (3) 8 14 23
21 (3) 1 2 16
20 (2) 14 38
19 (2) 30 34
7 (1) 10
14 (3) 13 15 20
9 (1) 23
35 (3) 2 10 23
28 (6) 6 12 22 24 30 32
10 (3) 4 7 35
36 (3) 16 23 34
17 (2) 33 39
24 (2) 8 28
5 (2) 1 38
0 (3) 8 26 27
26 (4) 0 22 32 38
27 (4) 0 1 31 33
30 (2) 19 28
31 (2) 27 29
8 (5) 0 1 15 23 24
39 (2) 17 18
11 (2) 3 37
34 (3) 19 25 36
22 (3) 25 26 28

61
43 (3) 4 33 39
24 (4) 10 44 49 50
13 (2) 6 26
45 (1) 46
19 (6) 20 30 40 44 53 54
6 (4) 13 30 51 60
9 (5) 26 34 41 51 54
22 (3) 3 10 17
30 (3) 6 19 33
49 (2) 11 24
1 (1) 57
12 (6) 15 27 42 55 57 58
46 (5) 4 23 27 45 60
14 (3) 16 21 27
58 (4) 12 18 34 53
27 (5) 12 14 35 46 50
8 (3) 15 28 54
17 (4) 2 22 29 57
42 (2) 12 33
26 (6) 9 10 13 29 36 51
7 (3) 29 35 59
38 (5) 11 15 34 36 47
44 (3) 11 19 24
55 (5) 12 16 29 32 48
31 (1) 48
60 (3) 6 21 46
48 (5) 0 15 31 54 55
15 (10) 0 3 8 10 12 29 33 38 47 48
36 (5) 10 26 35 38 54
18 (4) 23 57 58 59
16 (4) 14 39 53 55
50 (6) 0 24 27 34 52 59
52 (2) 41 50
33 (7) 0 15 30 32 34 42 43
35 (3) 7 27 36
0 (8) 2 5 15 33 41 47 48 50
25 (2) 3 51
37 (0)
4 (2) 43 46
51 (7) 6 9 21 25 26 32 57
32 (4) 28 33 51 55
59 (4) 7 18 47 50
21 (3) 14 51 60
29 (7) 7 15 17 26 40 41 55
57 (6) 1 12 17 18 20 51
54 (6) 3 8 9 19 36 48
10 (5) 15 22 24 26 36
5 (2) 0 39
39 (3) 5 16 43
20 (2) 19 57
23 (3) 3 18 46
40 (2) 19 29
11 (4) 38 41 44 49
34 (5) 9 33 38 50 58
41 (5) 0 9 11 29 52
56 (2) 2 3
28 (2) 8 32
47 (4) 0 15 38 59
53 (3) 16 19 58
3 (6) 15 22 23 25 54 56
2 (3) 0 17 56

58
25 (9) 5 7 15 18 39 41 46 47 51
40 (11) 0 2 5 11 15 17 29 32 41 42 49
53 (7) 6 16 31 33 36 41 44
14 (13) 1 2 4 6 7 9 10 15 22 37 38 43 52
37 (5) 14 15 23 29 35
33 (5) 36 42 49 53 57
36 (13) 3 10 12 13 18 20 22 23 31 33 39 41 53
11 (9) 4 6 10 15 16 22 40 55 56
44 (5) 5 8 16 17 53
8 (7) 4 5 28 44 45 46 57
56 (12) 2 6 7 10 11 27 28 34 42 47 51 52
12 (11) 0 2 4 13 19 35 36 43 48 54 55
16 (8) 0 11 17 32 38 44 53 57
1 (6) 9 14 38 43 46 52
57 (8) 5 8 16 22 33 38 43 45
51 (7) 5 25 27 31 47 49 56
17 (15) 0 6 7 16 18 26 27 29 40 44 45 49 52 54 55
39 (11) 3 4 6 15 18 25 29 31 36 42 46
3 (9) 6 26 28 30 31 34 36 39 47
41 (10) 5 20 21 25 29 36 40 49 53 55
27 (11) 5 7 17 19 23 45 47 48 50 51 56
46 (13) 1 4 8 23 25 26 28 31 32 39 43 47 52
6 (11) 3 5 7 11 14 17 34 39 53 55 56
15 (15) 2 11 13 14 23 24 25 30 37 39 40 43 50 52 55
5 (19) 0 6 7 8 18 24 25 27 30 40 41 43 44 45 47 49 51 55 57
18 (15) 5 9 13 17 20 23 24 25 29 30 32 36 39 52 54
42 (7) 28 33 39 40 50 55 56
23 (12) 2 15 18 22 27 29 30 36 37 45 46 54
47 (10) 3 5 13 25 27 45 46 51 54 56
19 (6) 12 24 27 43 48 50
29 (11) 2 7 17 18 20 21 23 37 39 40 41
43 (13) 1 4 5 9 12 14 15 19 24 31 35 46 57
2 (12) 4 12 14 15 23 24 28 29 34 40 48 56
10 (7) 11 14 31 36 38 49 56
4 (12) 2 8 11 12 13 14 20 39 43 46 48 54
48 (10) 0 2 4 12 19 20 22 24 27 31
49 (9) 5 10 17 33 40 41 51 54 55
0 (11) 5 9 12 16 17 22 30 35 40 48 50
26 (7) 3 17 22 31 46 52 54
32 (7) 13 16 18 31 40 46 55
34 (4) 2 3 6 56
21 (4) 24 29 41 50
30 (8) 0 3 5 15 18 23 52 55
13 (9) 4 12 15 18 28 32 36 38 47
28 (9) 2 3 8 13 42 46 52 55 56
54 (11) 4 7 12 17 18 23 26 35 38 47 49
31 (12) 3 9 10 26 32 36 39 43 46 48 51 53
22 (10) 0 11 14 20 23 24 26 36 48 57
55 (13) 5 6 9 11 12 15 17 28 30 32 41 42 49
7 (10) 5 6 14 17 25 27 29 45 54 56
20 (8) 4 9 18 22 29 36 41 48
45 (9) 5 7 8 17 23 27 47 52 57
38 (8) 1 9 10 13 14 16 54 57
50 (7) 0 15 19 21 24 27 42
9 (11) 0 1 14 18 20 24 31 35 38 43 55
24 (11) 2 5 9 15 18 19 21 22 43 48 50
52 (12) 1 14 15 17 18 26 28 30 35 45 46 56
35 (7) 0 9 12 37 43 52 54

26
21 (0)
20 (0)
9 (0)
1 (0)
15 (1) 13
5 (0)
18 (0)
11 (1) 23
8 (0)
12 (0)
7 (0)
0 (0)
4 (0)
16 (0)
10 (0)
23 (1) 11
24 (0)
13 (1) 15
25 (0)
2 (1) 6
14 (0)
17 (0)
22 (0)
6 (1) 2
3 (0)
19 (0)

53
21 (6) 16 20 26 46 51 52
5 (6) 0 7 15 22 24 34
31 (7) 10 12 14 24 44 47 51
12 (10) 0 4 13 17 31 33 40 44 45 47
47 (10) 0 7 8 12 16 23 28 31 33 37
14 (5) 0 23 24 25 31
18 (11) 4 7 8 15 16 22 27 29 32 49 52
30 (2) 20 33
39 (11) 0 22 24 25 28 32 34 43 48 50 52
25 (8) 0 14 16 29 35 39 49 51
52 (12) 1 2 16 18 21 23 26 38 39 42 43 49
42 (6) 15 16 24 43 46 52
19 (5) 28 33 46 50 51
13 (6) 0 12 16 29 33 49
22 (12) 1 4 5 8 18 37 38 39 45 48 49 50
38 (5) 22 36 37 41 52
26 (8) 3 21 29 32 37 46 50 52
10 (6) 23 27 31 34 43 48
16 (11) 2 13 18 21 25 42 44 46 47 51 52
36 (5) 6 7 9 28 38
48 (7) 10 20 22 34 37 39 43
51 (8) 3 16 19 21 25 31 44 46
23 (12) 6 9 10 11 14 24 32 40 44 45 47 52
49 (14) 0 1 3 7 13 15 18 22 24 25 32 34 40 52
17 (3) 12 28 40
24 (12) 2 5 7 14 23 31 39 41 42 43 45 49
6 (8) 2 3 23 29 32 35 36 43
45 (12) 1 2 9 12 20 22 23 24 29 34 40 44
4 (4) 12 18 22 40
29 (8) 6 13 18 20 25 26 27 45
40 (6) 4 12 17 23 45 49
41 (7) 2 20 24 28 34 37 38
50 (9) 15 19 22 26 28 32 35 37 39
46 (7) 16 19 21 26 28 42 51
43 (7) 6 10 24 39 42 48 52
35 (3) 6 25 50
28 (11) 1 8 15 17 19 36 39 41 46 47 50
34 (10) 5 7 10 15 32 39 41 45 48 49
3 (6) 6 8 26 33 49 51
2 (7) 1 6 16 24 41 45 52
44 (7) 12 16 23 31 33 45 51
20 (9) 0 11 21 27 29 30 41 45 48
37 (10) 9 15 22 26 27 38 41 47 48 50
32 (10) 1 6 11 18 23 26 34 39 49 50
1 (10) 2 8 9 22 27 28 32 45 49 52
11 (3) 20 23 32
8 (6) 1 3 18 22 28 47
33 (8) 3 9 12 13 19 30 44 47
7 (8) 5 9 18 24 34 36 47 49
9 (7) 1 7 23 33 36 37 45
15 (8) 5 18 28 34 37 42 49 50
27 (6) 1 10 18 20 29 37
0 (9) 5 12 13 14 20 25 39 47 49

40
8 (2) 23 28
38 (2) 28 35
2 (1) 4
30 (0)
17 (2) 18 34
3 (1) 32
12 (2) 14 19
21 (2) 16 32
23 (1) 8
37 (1) 19
16 (3) 1 21 28
11 (1) 36
32 (4) 3 19 21 27
33 (2) 25 36
39 (0)
19 (4) 12 24 32 37
4 (1) 2
18 (2) 1 17
6 (0)
29 (0)
36 (2) 11 33
35 (1) 38
15 (0)
28 (3) 8 16 38
20 (1) 9
22 (0)
13 (0)
1 (2) 16 18
9 (1) 20
34 (1) 17
14 (1) 12
7 (1) 5
27 (1) 32
0 (0)
10 (0)
31 (0)
25 (1) 33
24 (1) 19
26 (0)
5 (1) 7

34
17 (3) 7 22 31
25 (1) 10
3 (5) 7 16 19 22 24
24 (3) 1 3 26
14 (1) 22
0 (0)
31 (5) 5 6 17 29 32
20 (0)
28 (2) 9 22
7 (8) 1 3 5 11 17 19 26 32
33 (0)
10 (4) 13 15 25 26
15 (1) 10
18 (1) 27
1 (4) 7 21 23 24
26 (4) 7 10 24 27
16 (2) 3 22
22 (5) 3 14 16 17 28
13 (1) 10
2 (2) 8 30
5 (4) 7 21 30 31
6 (1) 31
12 (1) 29
21 (2) 1 5
11 (1) 7
19 (3) 3 7 27
4 (0)
29 (2) 12 31
32 (2) 7 31
9 (1) 28
27 (3) 18 19 26
23 (1) 1
30 (2) 2 5
8 (1) 2

60
45 (2) 11 54
59 (3) 2 6 35
8 (3) 7 11 20
12 (7) 1 2 13 16 23 51 55
27 (3) 28 30 51
26 (5) 0 3 13 36 55
53 (3) 5 21 54
46 (2) 11 25
38 (4) 1 11 20 50
41 (3) 19 23 36
4 (4) 1 7 32 49
36 (7) 6 9 26 29 41 49 58
50 (6) 9 11 13 29 38 49
7 (5) 3 4 8 15 49
33 (4) 1 14 19 47
34 (4) 3 6 13 28
58 (5) 18 25 36 43 52
52 (7) 2 5 11 23 40 47 58
16 (5) 2 12 30 39 47
55 (5) 10 12 20 26 28
14 (7) 0 3 33 40 47 56 57
39 (6) 16 17 21 40 43 48
15 (5) 7 20 32 47 51
17 (3) 19 20 39
56 (4) 5 14 29 43
11 (7) 8 18 38 45 46 50 52
40 (4) 14 28 39 52
10 (4) 3 23 51 55
1 (6) 4 12 18 33 38 43
44 (4) 0 22 31 48
47 (8) 6 14 15 16 21 22 33 52
37 (3) 19 32 35
23 (5) 10 12 41 43 52
21 (7) 5 18 39 47 48 49 53
32 (4) 4 6 15 37
51 (7) 10 12 15 27 42 49 57
31 (4) 5 20 25 44
28 (5) 19 27 34 40 55
49 (7) 4 7 21 36 50 51 57
19 (7) 0 17 28 33 37 41 42
2 (5) 12 16 30 52 59
24 (2) 35 43
42 (3) 19 48 51
0 (4) 14 19 26 44
22 (6) 5 13 20 44 47 48
57 (3) 14 49 51
25 (3) 31 46 58
5 (7) 3 21 22 31 52 53 56
29 (4) 18 36 50 56
48 (5) 21 22 39 42 44
18 (5) 1 11 21 29 58
6 (5) 32 34 36 47 59
35 (3) 24 37 59
20 (7) 8 15 17 22 31 38 55
54 (3) 30 45 53
13 (5) 12 22 26 34 50
43 (6) 1 23 24 39 56 58
9 (2) 36 50
3 (6) 5 7 10 14 26 34
30 (4) 2 16 27 54

56
10 (2) 7 36
48 (7) 0 5 18 21 32 37 55
25 (3) 9 15 21
55 (5) 2 8 22 28 48
43 (2) 8 51
23 (3) 2 7 38
38 (3) 8 23 29
39 (2) 12 29
51 (5) 0 18 43 52 53
5 (5) 1 7 11 30 48
24 (5) 15 16 17 18 49
37 (5) 4 6 28 48 50
20 (3) 21 33 54
26 (3) 11 13 46
44 (1) 19
47 (4) 4 14 22 28
29 (9) 0 7 13 15 16 30 35 38 39
19 (4) 1 14 28 44
16 (6) 9 24 28 29 41 54
36 (5) 6 10 21 40 46
54 (5) 3 12 16 20 31
21 (5) 14 20 25 36 48
3 (4) 8 15 41 54
13 (4) 26 29 52 53
40 (2) 36 53
17 (3) 24 45 53
32 (2) 0 48
42 (4) 2 14 15 30
31 (4) 8 18 41 54
34 (0)
30 (5) 5 6 29 35 42
1 (5) 5 12 19 22 45
22 (5) 1 28 41 47 55
8 (7) 0 3 9 31 38 43 55
18 (7) 2 4 24 31 35 48 51
11 (4) 5 26 45 53
6 (4) 30 36 37 45
33 (3) 15 20 27
49 (5) 4 7 24 27 45
52 (2) 13 51
35 (4) 14 18 29 30
46 (2) 26 36
41 (4) 3 16 22 31
2 (5) 18 23 42 50 55
15 (6) 3 24 25 29 33 42
45 (5) 1 6 11 17 49
4 (4) 18 37 47 49
53 (7) 0 7 11 13 17 40 51
7 (7) 5 10 23 29 49 50 53
28 (6) 16 19 22 37 47 55
0 (6) 8 29 32 48 51 53
14 (7) 12 19 21 35 42 47 50
9 (3) 8 16 25
50 (4) 2 7 14 37
27 (2) 33 49
12 (4) 1 14 39 54

2
1 (0)
0 (0)

59
26 (3) 9 15 55
13 (3) 7 8 43
1 (6) 3 31 34 46 53 58
45 (1) 32
5 (4) 22 23 24 58
28 (4) 31 32 35 49
18 (0)
21 (3) 20 33 51
33 (4) 16 21 40 48
40 (3) 33 38 57
8 (7) 7 13 19 32 35 39 50
37 (0)
39 (3) 8 9 58
51 (2) 21 36
58 (5) 1 5 20 39 56
14 (2) 24 50
34 (3) 1 10 16
20 (4) 21 35 53 58
15 (3) 0 26 42
12 (1) 38
41 (1) 47
7 (3) 6 8 13
47 (4) 4 16 41 55
38 (3) 12 40 48
42 (3) 2 15 17
23 (1) 5
0 (2) 10 15
56 (4) 25 35 50 58
36 (5) 9 16 30 51 53
24 (4) 5 14 54 55
22 (2) 5 53
19 (2) 8 11
48 (2) 33 38
44 (1) 2
6 (4) 4 7 52 53
55 (4) 11 24 26 47
52 (2) 6 17
29 (0)
53 (6) 1 6 20 22 36 50
17 (3) 3 42 52
9 (4) 26 35 36 39
10 (3) 0 2 34
3 (3) 1 17 25
43 (2) 13 31
11 (2) 19 55
27 (1) 2
50 (6) 8 14 46 53 54 56
25 (2) 3 56
57 (1) 40
54 (3) 24 46 50
31 (3) 1 28 43
46 (5) 1 30 49 50 54
2 (4) 10 27 42 44
30 (2) 36 46
32 (4) 4 8 28 45
35 (5) 8 9 20 28 56
4 (3) 6 32 47
49 (2) 28 46
16 (4) 33 34 36 47

55
23 (1) 11
26 (2) 15 34
37 (1) 52
22 (1) 38
20 (0)
30 (2) 8 11
35 (1) 47
0 (0)
2 (0)
40 (1) 8
32 (2) 18 36
6 (1) 41
51 (2) 14 46
49 (1) 42
44 (1) 29
41 (2) 4 6
24 (2) 4 10
33 (0)
9 (0)
14 (2) 25 51
17 (1) 53
48 (1) 45
13 (0)
8 (2) 30 40
16 (0)
18 (1) 32
7 (0)
4 (2) 24 41
25 (2) 14 47
38 (1) 22
11 (3) 23 30 50
43 (0)
53 (2) 17 54
46 (3) 3 5 51
36 (1) 32
39 (0)
21 (0)
54 (1) 53
19 (0)
47 (2) 25 35
27 (0)
52 (1) 37
12 (0)
15 (1) 26
42 (2) 45 49
29 (1) 44
3 (1) 46
10 (2) 5 24
50 (1) 11
5 (2) 10 46
45 (2) 42 48
28 (0)
1 (0)
31 (0)
34 (1) 26

38
3 (1) 9
37 (1) 28
0 (0)
7 (3) 11 13 23
10 (0)
20 (0)
2 (1) 32
15 (2) 19 21
35 (2) 12 16
28 (1) 37
27 (1) 5
23 (2) 5 7
32 (3) 2 6 25
6 (1) 32
1 (2) 29 31
14 (1) 30
11 (1) 7
21 (1) 15
26 (1) 17
9 (1) 3
5 (4) 4 16 23 27
25 (1) 32
31 (3) 1 12 24
18 (1) 33
33 (2) 18 29
17 (2) 26 36
36 (1) 17
30 (1) 14
12 (2) 31 35
16 (2) 5 35
24 (1) 31
22 (1) 4
4 (2) 5 22
13 (2) 7 8
34 (1) 19
19 (2) 15 34
29 (2) 1 33
8 (1) 13

42
30 (2) 3 10
26 (1) 15
19 (1) 23
15 (2) 26 36
12 (5) 2 22 29 32 40
28 (3) 16 34 40
41 (1) 1
37 (1) 11
25 (2) 9 32
5 (0)
40 (3) 12 28 33
8 (3) 10 34 36
29 (3) 12 32 33
32 (4) 12 25 29 39
14 (2) 7 34
3 (2) 2 30
24 (1) 0
13 (0)
22 (2) 10 12
2 (3) 3 9 12
18 (0)
11 (4) 0 1 31 37
23 (1) 19
34 (4) 8 14 28 31
38 (0)
35 (1) 4
4 (1) 35
0 (2) 11 24
7 (4) 1 10 14 36
21 (1) 33
17 (0)
33 (3) 21 29 40
16 (2) 27 28
39 (1) 32
27 (3) 6 10 16
31 (2) 11 34
36 (3) 7 8 15
6 (1) 27
1 (3) 7 11 41
20 (0)
10 (6) 7 8 9 22 27 30
9 (3) 2 10 25

31
1 (0)
9 (0)
26 (1) 14
7 (0)
30 (0)
10 (0)
6 (0)
22 (2) 4 18
20 (0)
17 (0)
27 (0)
13 (0)
12 (0)
24 (0)
8 (1) 29
23 (1) 28
16 (0)
21 (0)
18 (1) 22
28 (1) 23
25 (0)
19 (1) 15
5 (0)
11 (0)
14 (1) 26
3 (1) 2
4 (1) 22
0 (0)
2 (2) 3 15
29 (1) 8
15 (2) 2 19

